Oc,media_erro,var_erro,desvio_padrao_erro
0,-0.30869460637982354,52.1831862928584,7.223793068247346
10,-10.423195183002628,3207.963799970052,56.63888946624971
20,-13.686184922113979,4417.614305967033,66.46513601857016
30,-12.740859984901643,4749.774453026858,68.91860745130344
40,-11.097040888954073,4661.517205498474,68.27530450681618
50,-9.419239886921135,4565.268593041773,67.56677136760179
60,-8.411048988962547,4565.643406879515,67.56954496575743
70,-7.5413566282387245,4587.624617748759,67.73200585948094
80,-6.902473486143623,4480.981825995291,66.94013613666536
90,-7.03262798682189,4674.824662226942,68.3726894470807
100,-6.731852788444581,4671.615277746899,68.34921563373568
