Oc,media_erro,var_erro,desvio_padrao_erro
0,-0.2604161215081766,51.73685977595321,7.192833918279582
10,-11.164497542158246,3249.1109171546505,57.00097294919316
20,-13.724079498094184,4384.194060692157,66.21324686716517
30,-12.496948865554423,4528.330719466913,67.29287272413708
40,-10.617363197551267,4650.492482168131,68.19451944378031
50,-9.088168164749261,4549.538081648057,67.45026376262777
60,-7.898412100670011,4469.859051720972,66.85700450753812
70,-7.037113092751505,4426.599612699217,66.53269581716359
80,-6.777959175369531,4509.102065908282,67.14984784724595
90,-6.549537098450835,4481.552129036528,66.94439580007074
100,-6.457119203436741,4534.548793301396,67.33905845273897
